import numpy as np
import folium
from utils import *
from stadium import Stadium

stadiums_names = [
    "SoFi Stadium",
    "MetLife Stadium",
    "AT&T Stadium",
    "Hard Rock Stadium",
    "Arrowhead Stadium",
    "Mercedes-Benz Stadium",
    "Gillette Stadium",
    "NRG Stadium",
    "Lincoln Financial Field",
    "Levi's Stadium",
    "Lumen Field",
    "Azteca Stadium",
    "Estadio Akron",
    "Estadio BBVA",
    "BMO Field",
    "BC Place"
]

stadiums_data_maps = np.array([(33.953509570688816, -118.33906105450956),  # SoFi Stadium
                               (40.81361193171587, -74.07459647195581),  # MetLife Stadium
                               (32.748186068611126, -97.09263329174962),  # AT&T Stadium
                               (25.958451380880728, -80.23844991112495),  # Hard Rock Stadium
                               (39.04908897660697, -94.48355089979299),  # Arrowhead Stadium
                               (33.755421226142396, -84.40047246167724),  # Mercedes-Benz Stadium
                               (42.09102531393814, -71.26386368344725),  # Gillette Stadium
                               (29.684973537096916, -95.4103533451088),  # NRG Stadium
                               (39.90149285760899, -75.1674571074424),  # Lincoln Financial Field
                               (37.40345283634818, -121.96896970117712),  # Levi's Stadium
                               (47.59520957830937, -122.3315750097409),  # Lumen Field
                               (19.302951813381654, -99.15006635650656),  # Azteca Stadium
                               (20.681878007436158, -103.46240017495724),  # Estadio Akron
                               (25.669282409485874, -100.24400665069832),  # Estadio BBVA
                               (43.633356536610734, -79.41830506094628),  # BMO Field
                               (49.27684796521243, -123.11134453843427)])  # BC Place

stadiums_data_py = np.array([(242, 605),  # SoFi Stadium
                             (1122, 348),  # MetLife Stadium
                             (578, 593),  # AT&T Stadium
                             (1026, 737),  # Hard Rock Stadium
                             (678, 464),  # Arrowhead Stadium
                             (890, 611),  # Mercedes-Benz Stadium
                             (1144, 307),  # Gillette Stadium
                             (659, 659),  # NRG Stadium
                             (1058, 431),  # Lincoln Financial Field
                             (166, 478),  # Levi's Stadium
                             (207, 284),  # Lumen Field
                             (618, 821),  # Azteca Stadium
                             (417, 782),  # Estadio Akron
                             (578, 735),  # Estadio BBVA
                             (958, 293),  # BMO Field
                             (217, 173)])  # BC Place

distance_values = [
    [0, 3941.83, 1991.06, 3754.43, 2199.23, 3119.70, 4167.37, 2213.13, 3856.54, 504.06, 1553.07, 2486.48, 2077.94,
     1964.19, 3504.48, 1748.19],
    [3941.83, 0, 2202.60, 1746.87, 1746.88, 1202.17, 274.42, 2288.70, 136.58, 4097.85, 3854.85, 3358.93, 3561.41,
     3845.11, 539.68, 3892.59],
    [1991.06, 2202.60, 0, 1771.74, 727.58, 1156.65, 2468.02, 368.24, 2086.28, 2339.96, 2702.84, 1501.18, 1482.45,
     860.47,
     1932.79, 2844.41],
    [3754.43, 1746.87, 1771.74, 0, 1970.91, 955.34, 1972.68, 1547.04, 1620.58, 4111.36, 4377.13, 2064.20, 2439.10,
     2004.75, 1966.81, 4491.56],
    [2199.23, 1746.88, 727.58, 1970.91, 0, 1076.60, 1983.92, 1044.74, 1657.98, 2398.41, 2427.98, 2225.42, 2215.31,
     1585.11, 1354.58, 2529.92],
    [3119.70, 1202.17, 1156.65, 955.34, 1076.60, 0, 1475.76, 1134.59, 1067.98, 3399.11, 3503.97, 2156.68, 2373.06,
     1776.05, 1179.71, 3602.18],
    [4167.37, 274.42, 2468.02, 1972.68, 1983.92, 1475.76, 0, 2561.74, 407.71, 4302.53, 3998.39, 3632.08, 3835.14,
     3217.83, 685.75, 4023.75],
    [2213.13, 2288.70, 368.24, 1547.04, 1044.74, 1134.59, 2561.74, 0, 2162.10, 2596.22, 3043.67, 1189.48, 1286.89,
     656.86, 2099.69, 3191.42],
    [3856.54, 136.58, 2086.28, 1620.58, 1657.98, 1067.98, 407.71, 2162.10, 0, 4027.28, 3822.14, 3224.54, 3430.41,
     2817.14, 544.47, 3866.92],
    [504.06, 4097.85, 2339.96, 4111.36, 2398.41, 3399.11, 4302.53, 2596.22, 4027.28, 0, 1133.95, 2982.47, 2577.04,
     2425.97, 3622.29, 1323.52],
    [1553.07, 3854.85, 2702.84, 4377.13, 2427.98, 3503.97, 3998.39, 3043.67, 3822.14, 1133.95, 0, 3768.32, 3439.35,
     3111.34, 3323.48, 195.40],
    [2486.48, 3358.93, 1501.18, 2064.20, 2225.42, 2156.68, 3632.08, 1189.48, 3224.54, 2982.47, 3768.32, 0, 475.94,
     701.40, 3255.53, 3946.07],
    [2077.94, 3561.41, 1482.45, 2439.10, 2215.31, 2373.06, 3835.14, 1286.89, 3430.41, 2577.04, 3439.35, 475.94, 0,
     644.37, 3385.76, 3624.61],
    [1964.19, 2944.87, 860.47, 2004.75, 1585.11, 1776.05, 3217.83, 656.86, 2817.14, 2425.97, 3111.34, 701.40, 644.37, 0,
     2748.65, 3283.04],
    [3504.48, 539.68, 1932.79, 1966.81, 1354.58, 1179.71, 685.75, 2099.69, 544.47, 3622.29, 3323.48, 3255.53, 3385.76,
     2748.65, 0, 3356.77],
    [1748.19, 3892.59, 2844.41, 4491.56, 2529.92, 3602.18, 4023.75, 3191.42, 3866.92, 1323.52, 195.40, 3946.07, 3624.61,
     3283.04, 3356.77, 0]]


def real_stadiums_points(screen):
    scaled_stadiums_data = scale_coordinates(stadiums_data_py, screen[0], screen[1])
    stadiums = [Stadium(s[0], s[1], stadium_image) for s in scaled_stadiums_data]
    return stadiums


# Create a Folium map centered around the first stadium
m = folium.Map(location=stadiums_data_maps[0], zoom_start=5)

# Add markers for each stadium
for name, coord in zip(stadiums_names, stadiums_data_maps):
    folium.Marker(location=coord, popup=name).add_to(m)

# Save the map to an HTML file
m.save("stadiums_map.html")
